Train best val accuracy model: accuracy: 99.85%
Test best val accuracy model: accuracy: 98.44%

        a      b    c    d    e    f    g    h    i    j    k    l    m    n  o     p    q    r    s    t    u    v   w     x    y    z

a    [[1510    0    3    6    0    0    0    0    0    0    0    2    0    1  14    0    0    0    0    0    0    0    5    0    0    1]  
b     [   4 2676    2    3    0    2    6    1    0    0    0   38    0    0  10    0    0    0   18    0    0    0    0    0    3    0]  
c     [   0    0 2395    0    1    1    0    0    0    0    2   18    0    0  3    1    0    9    0    0    0    0    0    0    0    0]  
d     [   1    2    0 1685    0    0    0    2    0    0    0    0    0    0  2    0    0    0    0    0    0    0    0    0    0    0]  
e     [   0    0    2    0 1782    0    0    0    0    0    0    1    0    0  3    3    0    0    0    0    0    0    0    0    0    0]  
f     [   0    1    2    1   10 1978    0    0    0    0    2    0    0    0  0    1    0    8    0    4    0    0    0    0    0    0]  
g     [   6    0    0    0    0    5 1698    0    0    0    4    0    0    0  3    0   11    1    0    0    0    0    0    0    0    0]  
h     [   2   13    0    2    0    0    0 2381    0    0    0    0    0   13  0    0    0    0    1    0    0    0    0    0    0    0]  
i     [   0    0    0    0    0    0    0    2 2041    1    0    0    0    0  0    0    0   10    0    0    0    1    0    0    0    0]  
j     [   2    0    0   19    0    0    0    0    0 2118    0    0    0    0  0    0    0    0    6    0    0    0    0    1    2    0]  
k     [   0    0    3    0    0    0    0    0    0    0 2467    8    0    0  0    0    0    0    0    2    0    0    0    4    0    0]  
l     [   0    5   27    0    2    0    0    0    0    0    0 2922    0    0  0    0    0    0    0    0   47    3    0    0    0    0]  
m     [   0    0    0    0    0    0    0    0    0    0    0    6 1569    0  0    0    0    6    0    0    0    0    0    0    0    0]  
n     [  11    0    0    0    0    0    0   12    0    0    0    2    7 2764  1    1    3    0    0    2    0    0    0    0    0    2]  
o     [   1    0   22    4    3    0    1    0    0    0    0    0    0    0  3056    0    0    0    0    0    0    0    0    0    0    0]  
p     [   4    2    0    0    2   10    1    0    0    0    0    9    0    0  6 2487   15    0    2    4    0    0    0    4    0    1]  
q     [  10    0    3    0    0    0    7    1    0    0    1    0    0    0  0    0 2465    0    0    0    0    0    0    0    0    0]  
r     [   8    2    0    0    0    0    0    0    0    0    2   22    1   29  4   12    1 2518    0    6    0    1    0    1    2    1]  
s     [   1    4    1    0    0    1    0    0    0    0    0    0    0    0  0    0    0    0 2405    0    0    0    0    0    0    0]  
t     [   0    0    3    0    0   16    0    0    0    0    2    9    0    1  6    3    0    1    0 2377    0    0    0   13    3    5]  
u     [  15    1    3    0    0    0    0    0    0    0    0   23    0    0  7    0    0    0    0    0 2379   29    0    0    0    0]  
v     [   0    0    0    0    0    0    0    0    0    0    0   15    0    1  0    0    0    2    0    0    1 2392    0    0    1    0]  
w     [   8    3    0    0    0    0    0    0    0    0    0    0    0    0  0    0    0    0    0    0    0    0 1924    0    0    0]  
x     [   0    0    0    3    0    4    0    2    0    0    5    3    0    1  0    0    0    0    0   15    3    3    0 2317    4    4]  
y     [   0    0    0    1    0    0   13    0    0    0    0    0    0    0  0    0    0    0    0    0    0    0    0    0 1507    0]  
z     [   5    0    0    2    4    0    0    0    0    0    0    0    0    0  0    0    0    0    0    3    0    0    0    0    0 1948]]


          precision    recall  f1-score   support

       a       0.95      0.98      0.96      1542
       b       0.99      0.97      0.98      2763
       c       0.97      0.99      0.98      2430
       d       0.98      1.00      0.99      1692
       e       0.99      0.99      0.99      1791
       f       0.98      0.99      0.98      2007
       g       0.98      0.98      0.98      1728
       h       0.99      0.99      0.99      2412
       i       1.00      0.99      1.00      2055
       j       1.00      0.99      0.99      2148
       k       0.99      0.99      0.99      2484
       l       0.95      0.97      0.96      3006
       m       0.99      0.99      0.99      1581
       n       0.98      0.99      0.98      2805
       o       0.98      0.99      0.99      3087
       p       0.99      0.98      0.98      2547
       q       0.99      0.99      0.99      2487
       r       0.99      0.96      0.98      2610
       s       0.99      1.00      0.99      2412
       t       0.99      0.97      0.98      2439
       u       0.98      0.97      0.97      2457
       v       0.98      0.99      0.99      2412
       w       1.00      0.99      1.00      1935
       x       0.99      0.98      0.99      2364
       y       0.99      0.99      0.99      1521
       z       0.99      0.99      0.99      1962

accuracy                           0.98     58677
macro avg       0.98      0.99      0.98     58677
weighted avg       0.98      0.98      0.98     58677
