Train best val accuracy model: accuracy: 99.60%
Test best val accuracy model: accuracy: 96.83%

        a      b    c    d    e    f    g    h    i    j    k    l    m    n  o     p    q    r    s    t    u    v   w     x    y    z

a  [[3005    0   17   25    1    1    3    0    0    0    0    0    0    0  43    0    2    1    1    1    9    1    3    1    0    6]           
b   [   4 2993    0    7    0   28    0    7    0    0   12   31    0    0  0    3    1    1   17   13    0    0    0    1    0    2]           
c   [  18    0 2984    3   50    0    1    0    1    1    0   27    0    4  16    1    2    4    5    1    1    0    0    1    0    0]           
d   [  27    1   35 2928    1    0    7    0    0    1    0    1    0    0  117    0    2    0    0    0    0    0    0    0    0    0]           
e   [   1    0    6    0 3106    0    1    0    0    0    0    0    0    0  4    0    0    0    0    1    0    0    0    0    0    1]           
f   [   0    6    0    0   23 3057    0    2    1    1    2    9    0    0  0    0    0    4    0   15    0    0    0    0    0    0]           
g   [   6    0    1    0    4    4 3054    1    0    0    3    1    0    0  3    3   30    1    1    0    0    0    0    0    7    1]           
h   [   0   15    0    0    0    0    0 3054    0    0   21    9    2   11  0    3    0    2    0    0    0    2    1    0    0    0]           
i   [   1    1    6    2    0    2    0    1 3004   10    4    9    1    8  1    2    2   55    0    3    3    3    0    1    1    0]           
j   [   3    0    0    8    0    4    4    0    9 3059    0    3    0    0  2    0    0    1   16    1    2    0    0    3    4    1]           
k   [   0   10    4    0    0    0    0    3    0    1 3073   15    0    0  0    2    0    2    1    1    0    2    0    5    1    0]           
l   [   1    9   35    0    4    1    0    8    5    0    6 2996    0    0  1    0    0    1    0    9   37    4    3    0    0    0]           
m   [   0    0    0    0    0    0    0    0    0    0    1    7 3040   58  0    0    0    4    0    1    0    4    1    1    3    0]           
n   [  10    0    2    1    0    0    0    6    4    1    0    1   83 2976  0    2    6   19    0    1    0    6    0    2    0    0]           
o   [  81    0   71   37   14    0    9    0    5    0    0    5    0    3  2884    0    5    3    0    0    3    0    0    0    0    0]           
p   [   1    2    1    1    4   44    0    0    8   13    2    2    2    1  0 2935   36   31    1   16    0    3    0    2   15    0]           
q   [   2    0    3    3    0    0   54    0    0    0    0    0    0    0  0    0 3057    0    0    0    0    0    0    0    0    1]           
r   [   1    2    4    0    0    0    0    0    5    1    0    7    0   28  0   25    0 3037    0    1    0    5    0    0    4    0]           
s   [   4    1    7    1    5   17    3    0    3   12    0    0    0    0  1    0    3    0 3062    0    0    0    0    0    0    1]           
t   [   0    4    3    1    8   41    0    0    3    3    7   39    0    0  0    4    0    9    0 2996    1    0    0    0    1    0]           
u   [   6    0    0    1    0    1    0    0    1    0    0   24    0    0  12    0    0    0    0    0 2976   52   41    0    6    0]           
v   [   1    0    0    1    0    1    0    0    5    0    1    7    0    5  0    1    0    7    0    0   28 3048    2    2   11    0]           
w   [  15    0    3    0    0    0    0    0    0    0    0    2    4    0  0    0    0    0    0    0   64    4 3027    0    1    0]           
x   [   3    0    8    1    1    1    0   12    5    0   20    3    0    4  0    1    1    4    9    1    3    5    0 3032    3    3]           
y   [   1    1    3    2    0    0   12    0    0    2    0    2    0    0  0    0    3    0    0    0   32    0    1    1 3060    0]           
z   [   3    0    0    0   12    1    0    0    0    0    0    0    0    0  0    0    0    0    0    2    0    0    0    0    0 3102]]

              precision    recall  f1-score   support

           a       0.94      0.96      0.95      3120
           b       0.98      0.96      0.97      3120
           c       0.93      0.96      0.95      3120
           d       0.97      0.94      0.95      3120
           e       0.96      1.00      0.98      3120
           f       0.95      0.98      0.97      3120
           g       0.97      0.98      0.97      3120
           h       0.99      0.98      0.98      3120
           i       0.98      0.96      0.97      3120
           j       0.99      0.98      0.98      3120
           k       0.97      0.98      0.98      3120
           l       0.94      0.96      0.95      3120
           m       0.97      0.97      0.97      3120
           n       0.96      0.95      0.96      3120
           o       0.94      0.92      0.93      3120
           p       0.98      0.94      0.96      3120
           q       0.97      0.98      0.98      3120
           r       0.95      0.97      0.96      3120
           s       0.98      0.98      0.98      3120
           t       0.98      0.96      0.97      3120
           u       0.94      0.95      0.95      3120
           v       0.97      0.98      0.97      3120
           w       0.98      0.97      0.98      3120
           x       0.99      0.97      0.98      3120
           y       0.98      0.98      0.98      3120
           z       0.99      0.99      0.99      3120

    accuracy                           0.97     81120
   macro avg       0.97      0.97      0.97     81120
weighted avg       0.97      0.97      0.97     81120
